#
#
#  Percent Identity  Matrix - created by Clustal2.1 
#
#

     1: seq_original               100.00   30.99   33.33   31.33   36.05   35.29   34.88   35.71   32.56   36.05   36.05
     2: seq_1_2023-04-12_19_29_22   30.99  100.00   73.24   76.06   71.23   76.39   79.17   64.79   64.79   63.38   56.34
     3: seq_1_2023-04-12_19_29_21   33.33   73.24  100.00   77.11   73.17   79.01   81.48   70.37   75.31   66.67   60.49
     4: seq_1_2023-04-12_19_29_27   31.33   76.06   77.11  100.00   78.57   81.93   80.72   62.96   71.08   65.06   60.24
     5: seq_1_2023-04-12_19_29_26   36.05   71.23   73.17   78.57  100.00   90.70   86.21   63.86   65.88   68.24   63.53
     6: seq_1_2023-04-12_19_29_23   35.29   76.39   79.01   81.93   90.70  100.00   88.37   63.86   72.94   71.76   67.06
     7: seq_1_2023-04-12_19_29_25   34.88   79.17   81.48   80.72   86.21   88.37  100.00   67.47   77.65   74.12   67.06
     8: seq_1_2023-04-12_19_29_20   35.71   64.79   70.37   62.96   63.86   63.86   67.47  100.00   70.24   69.05   66.67
     9: seq_1_2023-04-12_19_29_24   32.56   64.79   75.31   71.08   65.88   72.94   77.65   70.24  100.00   86.05   79.07
    10: seq_1_2023-04-12_19_29_18   36.05   63.38   66.67   65.06   68.24   71.76   74.12   69.05   86.05  100.00   88.37
    11: seq_1_2023-04-12_19_29_19   36.05   56.34   60.49   60.24   63.53   67.06   67.06   66.67   79.07   88.37  100.00
